stmt b, a; 
Select a such that Follows*(a, b)
3, 4, 5, 7, 8, 9, 10, 11, 12, 13, 14, 15, 16, 17, 18, 20, 21, 22, 24, 25, 26, 29, 31, 32, 33, 34, 36, 37, 38, 39, 42, 43, 45, 47, 50, 51, 52, 53, 54, 56, 60, 61, 62, 66, 67, 70, 71, 72, 73, 74, 75, 76, 77, 78, 79, 85, 91, 92, 93, 95, 97, 102, 103, 106, 108, 109, 110, 111, 115, 116, 120, 123, 124, 125, 126, 128, 130, 138, 139, 140, 141, 142, 143, 144, 145, 146, 150, 154, 155, 156, 157, 159, 160, 161, 162, 163, 166, 168, 169, 171, 176, 177, 178, 179, 180, 181, 182, 183, 188, 189, 190, 191, 192, 195, 196, 199, 200, 201, 204, 205, 210, 219, 220, 221, 223, 225, 230, 231, 232, 233, 236, 237, 238, 239, 240, 242, 245, 246, 254, 255, 259, 260, 265, 266, 267, 268, 270, 271, 272, 273, 277, 278, 279, 280, 284, 289, 296, 301, 302, 303, 304, 305, 306, 307, 308, 309, 311, 313, 315, 318, 321, 325, 327, 328, 329, 330, 333, 334, 335, 336, 339, 345, 352, 353, 354, 356, 363, 365, 374, 375, 378, 379, 380, 382, 383, 384, 387, 389, 393
stmt b, a; 
Select a such that Parent*(a, b)
1, 3, 7, 13, 15, 16, 17, 20, 24, 28, 31, 35, 36, 41, 45, 48, 50, 51, 55, 60, 65, 68, 70, 72, 75, 78, 84, 87, 89, 90, 93, 95, 96, 97, 101, 104, 108, 110, 115, 117, 119, 121, 123, 128, 130, 133, 134, 135, 137, 149, 153, 158, 162, 166, 167, 175, 186, 187, 188, 191, 195, 200, 204, 209, 216, 217, 218, 221, 224, 228, 230, 231, 235, 236, 238, 245, 250, 252, 253, 258, 263, 264, 265, 266, 270, 271, 272, 277, 279, 280, 282, 284, 285, 288, 291, 294, 295, 300, 307, 308, 314, 318, 320, 322, 324, 326, 327, 328, 329, 338, 341, 343, 344, 345, 348, 351, 356, 358, 361, 362, 364, 365, 367, 369, 370, 372, 374, 375, 377, 381, 383, 389, 391, 392
stmt a; variable b; 
Select a such that Modifies(a, b)
1, 3, 4, 5, 7, 8, 9, 10, 11, 12, 13, 14, 15, 16, 17, 18, 20, 21, 22, 24, 25, 26, 28, 29, 30, 31, 32, 33, 34, 35, 36, 37, 38, 39, 41, 42, 43, 45, 47, 48, 50, 51, 52, 53, 54, 55, 56, 58, 60, 61, 62, 64, 65, 66, 67, 68, 70, 71, 72, 73, 74, 75, 76, 77, 78, 79, 81, 82, 84, 85, 87, 89, 90, 91, 92, 93, 95, 96, 97, 99, 101, 102, 103, 104, 106, 107, 108, 109, 110, 111, 113, 114, 115, 116, 117, 118, 119, 120, 121, 123, 124, 125, 126, 128, 130, 131, 133, 134, 135, 137, 138, 139, 140, 141, 142, 143, 144, 145, 146, 147, 149, 150, 151, 153, 154, 155, 156, 157, 158, 159, 160, 161, 162, 163, 165, 166, 167, 168, 169, 171, 172, 173, 175, 176, 177, 178, 179, 180, 181, 182, 183, 184, 186, 187, 188, 189, 190, 191, 192, 194, 195, 196, 198, 199, 200, 201, 203, 204, 205, 207, 209, 210, 212, 214, 216, 217, 218, 219, 220, 221, 222, 223, 224, 225, 226, 228, 230, 231, 232, 233, 235, 236, 237, 238, 239, 240, 242, 243, 244, 245, 246, 248, 249, 250, 252, 253, 254, 255, 256, 258, 259, 260, 261, 263, 264, 265, 266, 267, 268, 270, 271, 272, 273, 275, 277, 278, 279, 280, 282, 283, 284, 285, 286, 288, 289, 291, 292, 294, 295, 296, 298, 300, 301, 302, 303, 304, 305, 306, 307, 308, 309, 310, 311, 313, 314, 315, 316, 318, 320, 321, 322, 324, 325, 326, 327, 328, 329, 330, 332, 333, 334, 335, 336, 338, 339, 340, 341, 343, 344, 345, 346, 348, 349, 351, 352, 353, 354, 356, 358, 359, 361, 362, 363, 364, 365, 367, 369, 370, 372, 374, 375, 377, 378, 379, 380, 381, 382, 383, 384, 386, 387, 389, 391, 392, 393, 395
stmt b, a; 
Select a such that Next(a, b)
1, 3, 4, 5, 7, 8, 9, 10, 11, 12, 13, 14, 15, 16, 17, 18, 20, 21, 22, 24, 25, 26, 28, 29, 31, 32, 33, 34, 35, 36, 37, 38, 39, 41, 42, 43, 45, 47, 48, 50, 51, 52, 53, 54, 55, 56, 60, 61, 62, 64, 65, 66, 67, 68, 70, 71, 72, 73, 74, 75, 76, 77, 78, 79, 81, 82, 84, 85, 87, 89, 90, 91, 92, 93, 95, 96, 97, 101, 102, 103, 104, 106, 107, 108, 109, 110, 111, 113, 114, 115, 116, 117, 119, 120, 121, 123, 124, 125, 126, 128, 130, 131, 133, 134, 135, 137, 138, 139, 140, 141, 142, 143, 144, 145, 146, 149, 150, 153, 154, 155, 156, 157, 158, 159, 160, 161, 162, 163, 165, 166, 167, 168, 169, 171, 175, 176, 177, 178, 179, 180, 181, 182, 183, 186, 187, 188, 189, 190, 191, 192, 194, 195, 196, 198, 199, 200, 201, 203, 204, 205, 207, 209, 210, 216, 217, 218, 219, 220, 221, 222, 223, 224, 225, 228, 230, 231, 232, 233, 235, 236, 237, 238, 239, 240, 242, 243, 244, 245, 246, 248, 249, 250, 252, 253, 254, 255, 258, 259, 260, 263, 264, 265, 266, 267, 268, 270, 271, 272, 273, 275, 277, 278, 279, 280, 282, 283, 284, 285, 286, 288, 289, 291, 294, 295, 296, 300, 301, 302, 303, 304, 305, 306, 307, 308, 309, 310, 311, 313, 314, 315, 318, 320, 321, 322, 324, 325, 326, 327, 328, 329, 330, 332, 333, 334, 335, 336, 338, 339, 340, 341, 343, 344, 345, 346, 348, 351, 352, 353, 354, 356, 358, 361, 362, 363, 364, 365, 367, 369, 370, 372, 374, 375, 377, 378, 379, 380, 381, 382, 383, 384, 386, 387, 389, 391, 392, 393

Select a such that Affects(a, b)

stmt b, a; 
Select b such that Follows*(a, b)
3, 4, 5, 7, 9, 10, 11, 12, 13, 15, 20, 21, 22, 24, 26, 28, 30, 31, 33, 34, 35, 36, 38, 39, 41, 43, 45, 47, 48, 50, 51, 53, 54, 55, 58, 60, 62, 64, 65, 67, 68, 70, 71, 72, 74, 75, 77, 78, 81, 82, 84, 87, 89, 92, 93, 95, 96, 99, 101, 103, 104, 106, 107, 108, 110, 113, 114, 115, 117, 119, 121, 123, 125, 126, 128, 130, 131, 133, 134, 135, 139, 140, 141, 142, 143, 144, 145, 146, 147, 151, 155, 156, 157, 158, 160, 161, 162, 165, 166, 169, 171, 172, 173, 177, 178, 179, 180, 181, 182, 183, 184, 190, 191, 194, 195, 198, 199, 200, 203, 204, 207, 209, 212, 214, 220, 221, 223, 224, 226, 230, 233, 235, 236, 238, 240, 242, 243, 244, 245, 248, 249, 250, 255, 256, 260, 261, 268, 270, 271, 272, 275, 277, 278, 279, 282, 283, 284, 286, 288, 291, 298, 302, 303, 304, 305, 306, 307, 310, 311, 313, 314, 316, 318, 322, 326, 332, 333, 334, 335, 336, 338, 339, 340, 341, 348, 353, 354, 356, 364, 367, 375, 379, 380, 381, 383, 386, 387, 389, 395
stmt b, a; 
Select b such that Parent*(a, b)
3, 4, 5, 7, 8, 9, 10, 11, 12, 13, 14, 15, 16, 17, 18, 20, 21, 22, 24, 25, 26, 28, 29, 30, 31, 32, 33, 34, 35, 36, 37, 38, 39, 41, 42, 43, 45, 47, 48, 50, 51, 52, 53, 54, 55, 56, 58, 60, 61, 62, 64, 65, 66, 67, 68, 70, 71, 72, 73, 74, 75, 76, 77, 78, 79, 81, 82, 84, 85, 87, 89, 90, 91, 92, 93, 95, 96, 97, 99, 101, 102, 103, 104, 106, 107, 108, 109, 110, 111, 113, 114, 115, 116, 117, 118, 119, 120, 121, 123, 124, 125, 126, 128, 130, 131, 133, 134, 135, 137, 138, 139, 140, 141, 142, 143, 144, 145, 146, 147, 149, 150, 151, 153, 154, 155, 156, 157, 158, 159, 160, 161, 162, 163, 165, 166, 167, 168, 169, 171, 172, 173, 175, 176, 177, 178, 179, 180, 181, 182, 183, 184, 186, 187, 188, 189, 190, 191, 192, 194, 195, 196, 198, 199, 200, 201, 203, 204, 205, 207, 209, 210, 212, 214, 216, 217, 218, 219, 220, 221, 222, 223, 224, 225, 226, 228, 230, 231, 232, 233, 235, 236, 237, 238, 239, 240, 242, 243, 244, 245, 246, 248, 249, 250, 252, 253, 254, 255, 256, 258, 259, 260, 261, 263, 264, 265, 266, 267, 268, 270, 271, 272, 273, 275, 277, 278, 279, 280, 282, 283, 284, 285, 286, 288, 289, 291, 292, 294, 295, 296, 298, 300, 301, 302, 303, 304, 305, 306, 307, 308, 309, 310, 311, 313, 314, 315, 316, 318, 320, 321, 322, 324, 325, 326, 327, 328, 329, 330, 332, 333, 334, 335, 336, 338, 339, 340, 341, 344, 345, 346, 348, 349, 351, 352, 353, 354, 356, 358, 359, 362, 363, 364, 365, 367, 369, 370, 372, 374, 375, 377, 378, 379, 380, 381, 382, 383, 384, 386, 387, 389, 391, 392, 393, 395
stmt a; variable b; 
Select b such that Modifies(a, b)
0
stmt b, a; 
Select b such that Next(a, b)
3, 4, 5, 7, 8, 9, 10, 11, 12, 13, 14, 15, 16, 17, 18, 20, 21, 22, 24, 25, 26, 28, 29, 30, 32, 33, 34, 35, 37, 38, 39, 41, 42, 43, 45, 47, 48, 51, 52, 53, 54, 55, 56, 58, 61, 62, 64, 65, 66, 67, 68, 71, 72, 73, 74, 75, 76, 77, 78, 79, 81, 82, 84, 85, 87, 89, 90, 91, 92, 93, 95, 96, 97, 99, 101, 102, 103, 104, 106, 107, 108, 109, 110, 111, 113, 114, 115, 116, 117, 118, 120, 121, 123, 124, 125, 126, 128, 130, 131, 133, 138, 139, 140, 141, 142, 143, 144, 145, 146, 147, 150, 151, 154, 155, 156, 157, 158, 159, 160, 161, 162, 163, 165, 166, 167, 168, 169, 171, 172, 176, 177, 178, 179, 180, 181, 182, 183, 184, 187, 188, 189, 190, 191, 192, 194, 195, 196, 198, 199, 200, 201, 203, 204, 205, 207, 209, 210, 212, 214, 217, 218, 219, 220, 221, 222, 223, 224, 225, 226, 230, 231, 232, 233, 235, 237, 238, 239, 240, 242, 243, 244, 245, 246, 248, 249, 250, 253, 254, 255, 256, 259, 260, 261, 264, 265, 266, 267, 268, 270, 272, 273, 275, 277, 278, 279, 280, 282, 284, 285, 288, 289, 291, 292, 295, 296, 298, 301, 302, 303, 304, 305, 306, 307, 308, 309, 310, 311, 313, 314, 315, 316, 321, 322, 325, 326, 327, 328, 329, 330, 332, 333, 334, 335, 336, 338, 340, 341, 344, 345, 346, 348, 349, 352, 353, 354, 356, 359, 362, 363, 364, 365, 367, 370, 374, 378, 379, 380, 381, 382, 383, 384, 386, 387, 389, 392, 393, 395

Select b such that Affects(a, b)

stmt b; 
Select b such that Follows*(24, b)
3, 4, 5, 7, 9, 10, 11, 12, 13, 15, 20, 21, 22, 24, 26, 28, 30, 31, 33, 34, 35, 36, 38, 39, 41, 43, 45, 47, 48, 50, 51, 53, 54, 55, 58, 60, 62, 64, 65, 67, 68, 70, 71, 72, 74, 75, 77, 78, 81, 82, 84, 87, 89, 92, 93, 95, 96, 99, 101, 103, 104, 106, 107, 108, 110, 113, 114, 115, 117, 119, 121, 123, 125, 126, 128, 130, 131, 133, 134, 135, 139, 140, 141, 142, 143, 144, 145, 146, 147, 151, 155, 156, 157, 158, 160, 161, 162, 165, 166, 169, 171, 172, 173, 177, 178, 179, 180, 181, 182, 183, 184, 190, 191, 194, 195, 198, 199, 200, 203, 204, 207, 209, 212, 214, 220, 221, 223, 224, 226, 230, 233, 235, 236, 238, 240, 242, 243, 244, 245, 248, 249, 250, 255, 256, 260, 261, 268, 270, 271, 272, 275, 277, 278, 279, 282, 283, 284, 286, 288, 291, 298, 302, 303, 304, 305, 306, 307, 310, 311, 313, 314, 316, 318, 322, 326, 332, 333, 334, 335, 336, 338, 339, 340, 341, 348, 353, 354, 356, 364, 367, 375, 379, 380, 381, 383, 386, 387, 389, 395

Select x1 such that Follows(1, 2)

variable width; 
Select width such that Uses(3, width)
0, 3, 4, 5, 8, 9, 10, 11, 12, 14, 18, 20, 21, 22, 25, 26, 29, 30, 32, 33, 34, 37, 38, 39, 42, 43, 47, 50, 52, 53, 54, 56, 58, 61, 62, 64, 66, 67, 70, 71, 73, 74, 76, 77, 79, 81, 82, 85, 91, 92, 95, 99, 102, 103, 106, 107, 109, 111, 113, 114, 116, 118, 120, 124, 125, 126, 130, 131, 138, 139, 140, 141, 142, 143, 144, 145, 146, 147, 150, 151, 154, 155, 156, 157, 159, 160, 161, 163, 165, 168, 169, 171, 172, 173, 176, 177, 178, 179, 180, 181, 182, 183, 184, 189, 190, 192, 194, 196, 198, 199, 201, 203, 205, 207, 210, 212, 214, 219, 220, 222, 223, 225, 226, 232, 233, 237, 239, 240, 242, 243, 244, 246, 248, 249, 254, 255, 256, 259, 260, 261, 267, 268, 271, 273, 275, 277, 278, 283, 286, 289, 292, 296, 298, 301, 302, 303, 304, 305, 306, 309, 310, 311, 313, 315, 316, 318, 321, 325, 330, 332, 333, 334, 335, 336, 339, 340, 346, 349, 352, 353, 354, 359, 363, 378, 379, 380, 382, 384, 386, 387, 389, 393, 395

Select I such that Follows*(5, 6)

variable x2; 
Select x2 such that Uses(7, x2)
0, 3, 4, 5, 8, 9, 10, 11, 12, 14, 18, 20, 21, 22, 25, 26, 29, 30, 32, 33, 34, 37, 38, 39, 42, 43, 47, 50, 52, 53, 54, 56, 58, 61, 62, 64, 66, 67, 70, 71, 73, 74, 76, 77, 79, 81, 82, 85, 91, 92, 95, 99, 102, 103, 106, 107, 109, 111, 113, 114, 116, 118, 120, 124, 125, 126, 130, 131, 138, 139, 140, 141, 142, 143, 144, 145, 146, 147, 150, 151, 154, 155, 156, 157, 159, 160, 161, 163, 165, 168, 169, 171, 172, 173, 176, 177, 178, 179, 180, 181, 182, 183, 184, 189, 190, 192, 194, 196, 198, 199, 201, 203, 205, 207, 210, 212, 214, 219, 220, 222, 223, 225, 226, 232, 233, 237, 239, 240, 242, 243, 244, 246, 248, 249, 254, 255, 256, 259, 260, 261, 267, 268, 271, 273, 275, 277, 278, 283, 286, 289, 292, 296, 298, 301, 302, 303, 304, 305, 306, 309, 310, 311, 313, 315, 316, 318, 321, 325, 330, 332, 333, 334, 335, 336, 339, 340, 346, 349, 352, 353, 354, 359, 363, 378, 379, 380, 382, 384, 386, 387, 389, 393, 395

Select tmp such that Follows(2, 3)

stmt b, a; 
Select a such that Follows(a, b)
3, 4, 5, 7, 8, 9, 10, 11, 12, 13, 14, 15, 16, 17, 18, 20, 21, 22, 24, 25, 26, 29, 31, 32, 33, 34, 36, 37, 38, 39, 42, 43, 45, 47, 50, 51, 52, 53, 54, 56, 60, 61, 62, 66, 67, 70, 71, 72, 73, 74, 75, 76, 77, 78, 79, 85, 91, 92, 93, 95, 97, 102, 103, 106, 108, 109, 110, 111, 115, 116, 120, 123, 124, 125, 126, 128, 130, 138, 139, 140, 141, 142, 143, 144, 145, 146, 150, 154, 155, 156, 157, 159, 160, 161, 162, 163, 166, 168, 169, 171, 176, 177, 178, 179, 180, 181, 182, 183, 188, 189, 190, 191, 192, 195, 196, 199, 200, 201, 204, 205, 210, 219, 220, 221, 223, 225, 230, 231, 232, 233, 236, 237, 238, 239, 240, 242, 245, 246, 254, 255, 259, 260, 265, 266, 267, 268, 270, 271, 272, 273, 277, 278, 279, 280, 284, 289, 296, 301, 302, 303, 304, 305, 306, 307, 308, 309, 311, 313, 315, 318, 321, 325, 327, 328, 329, 330, 333, 334, 335, 336, 339, 345, 352, 353, 354, 356, 363, 365, 374, 375, 378, 379, 380, 382, 383, 384, 387, 389, 393
stmt b, a; 
Select a, b such that Parent(a, b)
1, 3, 4, 5, 7, 8, 9, 10, 11, 12, 13, 14, 15, 16, 17, 18, 20, 21, 22, 24, 25, 26, 28, 29, 30, 31, 32, 33, 34, 35, 36, 37, 38, 39, 41, 42, 43, 45, 47, 48, 50, 51, 52, 53, 54, 55, 56, 58, 60, 61, 62, 64, 65, 66, 67, 68, 70, 71, 72, 73, 74, 75, 76, 77, 78, 79, 81, 82, 84, 85, 87, 89, 90, 91, 92, 93, 95, 96, 97, 99, 101, 102, 103, 104, 106, 107, 108, 109, 110, 111, 113, 114, 115, 116, 117, 118, 119, 120, 121, 123, 124, 125, 126, 128, 130, 131, 133, 134, 135, 137, 138, 139, 140, 141, 142, 143, 144, 145, 146, 147, 149, 150, 151, 153, 154, 155, 156, 157, 158, 159, 160, 161, 162, 163, 165, 166, 167, 168, 169, 171, 172, 173, 175, 176, 177, 178, 179, 180, 181, 182, 183, 184, 186, 187, 188, 189, 190, 191, 192, 194, 195, 196, 198, 199, 200, 201, 203, 204, 205, 207, 209, 210, 212, 214, 216, 217, 218, 219, 220, 221, 222, 223, 224, 225, 226, 228, 230, 231, 232, 233, 235, 236, 237, 238, 239, 240, 242, 243, 244, 245, 246, 248, 249, 250, 252, 253, 254, 255, 256, 258, 259, 260, 261, 263, 264, 265, 266, 267, 268, 270, 271, 272, 273, 275, 277, 278, 279, 280, 282, 283, 284, 285, 286, 288, 289, 291, 292, 294, 295, 296, 298, 300, 301, 302, 303, 304, 305, 306, 307, 308, 309, 310, 311, 313, 314, 315, 316, 318, 320, 321, 322, 324, 325, 326, 327, 328, 329, 330, 332, 333, 334, 335, 336, 338, 339, 340, 341, 343, 344, 345, 346, 348, 349, 351, 352, 353, 354, 356, 358, 359, 361, 362, 363, 364, 365, 367, 369, 370, 372, 374, 375, 377, 378, 379, 380, 381, 382, 383, 384, 386, 387, 389, 391, 392, 393, 395
stmt b, a; 
Select a such that Next*(a, b)
1, 3, 4, 5, 7, 8, 9, 10, 11, 12, 13, 14, 15, 16, 17, 18, 20, 21, 22, 24, 25, 26, 28, 29, 31, 32, 33, 34, 35, 36, 37, 38, 39, 41, 42, 43, 45, 47, 48, 50, 51, 52, 53, 54, 55, 56, 60, 61, 62, 64, 65, 66, 67, 68, 70, 71, 72, 73, 74, 75, 76, 77, 78, 79, 81, 82, 84, 85, 87, 89, 90, 91, 92, 93, 95, 96, 97, 101, 102, 103, 104, 106, 107, 108, 109, 110, 111, 113, 114, 115, 116, 117, 119, 120, 121, 123, 124, 125, 126, 128, 130, 131, 133, 134, 135, 137, 138, 139, 140, 141, 142, 143, 144, 145, 146, 149, 150, 153, 154, 155, 156, 157, 158, 159, 160, 161, 162, 163, 165, 166, 167, 168, 169, 171, 175, 176, 177, 178, 179, 180, 181, 182, 183, 186, 187, 188, 189, 190, 191, 192, 194, 195, 196, 198, 199, 200, 201, 203, 204, 205, 207, 209, 210, 216, 217, 218, 219, 220, 221, 222, 223, 224, 225, 228, 230, 231, 232, 233, 235, 236, 237, 238, 239, 240, 242, 243, 244, 245, 246, 248, 249, 250, 252, 253, 254, 255, 258, 259, 260, 263, 264, 265, 266, 267, 268, 270, 271, 272, 273, 275, 277, 278, 279, 280, 282, 283, 284, 285, 286, 288, 289, 291, 294, 295, 296, 300, 301, 302, 303, 304, 305, 306, 307, 308, 309, 310, 311, 313, 314, 315, 318, 320, 321, 322, 324, 325, 326, 327, 328, 329, 330, 332, 333, 334, 335, 336, 338, 339, 340, 341, 343, 344, 345, 346, 348, 351, 352, 353, 354, 356, 358, 361, 362, 363, 364, 365, 367, 369, 370, 372, 374, 375, 377, 378, 379, 380, 381, 382, 383, 384, 386, 387, 389, 391, 392, 393
variable c; stmt a, b; 
Select a such that Modifies(b, c) and Follows*(a, b)
3, 4, 5, 7, 8, 9, 10, 11, 12, 13, 14, 15, 16, 17, 18, 20, 21, 22, 24, 25, 26, 29, 31, 32, 33, 34, 36, 37, 38, 39, 42, 43, 45, 47, 50, 51, 52, 53, 54, 56, 60, 61, 62, 66, 67, 70, 71, 72, 73, 74, 75, 76, 77, 78, 79, 85, 91, 92, 93, 95, 97, 102, 103, 106, 108, 109, 110, 111, 115, 116, 120, 123, 124, 125, 126, 128, 130, 138, 139, 140, 141, 142, 143, 144, 145, 146, 150, 154, 155, 156, 157, 159, 160, 161, 162, 163, 166, 168, 169, 171, 176, 177, 178, 179, 180, 181, 182, 183, 188, 189, 190, 191, 192, 195, 196, 199, 200, 201, 204, 205, 210, 219, 220, 221, 223, 225, 230, 231, 232, 233, 236, 237, 238, 239, 240, 242, 245, 246, 254, 255, 259, 260, 265, 266, 267, 268, 270, 271, 272, 273, 277, 278, 279, 280, 284, 289, 296, 301, 302, 303, 304, 305, 306, 307, 308, 309, 311, 313, 315, 318, 321, 325, 327, 328, 329, 330, 333, 334, 335, 336, 339, 345, 352, 353, 354, 356, 363, 365, 374, 375, 378, 379, 380, 382, 383, 384, 387, 389, 393
stmt a; variable b; 
Select a such that Modifies(a, b)
1, 3, 4, 5, 7, 8, 9, 10, 11, 12, 13, 14, 15, 16, 17, 18, 20, 21, 22, 24, 25, 26, 28, 29, 30, 31, 32, 33, 34, 35, 36, 37, 38, 39, 41, 42, 43, 45, 47, 48, 50, 51, 52, 53, 54, 55, 56, 58, 60, 61, 62, 64, 65, 66, 67, 68, 70, 71, 72, 73, 74, 75, 76, 77, 78, 79, 81, 82, 84, 85, 87, 89, 90, 91, 92, 93, 95, 96, 97, 99, 101, 102, 103, 104, 106, 107, 108, 109, 110, 111, 113, 114, 115, 116, 117, 118, 119, 120, 121, 123, 124, 125, 126, 128, 130, 131, 133, 134, 135, 137, 138, 139, 140, 141, 142, 143, 144, 145, 146, 147, 149, 150, 151, 153, 154, 155, 156, 157, 158, 159, 160, 161, 162, 163, 165, 166, 167, 168, 169, 171, 172, 173, 175, 176, 177, 178, 179, 180, 181, 182, 183, 184, 186, 187, 188, 189, 190, 191, 192, 194, 195, 196, 198, 199, 200, 201, 203, 204, 205, 207, 209, 210, 212, 214, 216, 217, 218, 219, 220, 221, 222, 223, 224, 225, 226, 228, 230, 231, 232, 233, 235, 236, 237, 238, 239, 240, 242, 243, 244, 245, 246, 248, 249, 250, 252, 253, 254, 255, 256, 258, 259, 260, 261, 263, 264, 265, 266, 267, 268, 270, 271, 272, 273, 275, 277, 278, 279, 280, 282, 283, 284, 285, 286, 288, 289, 291, 292, 294, 295, 296, 298, 300, 301, 302, 303, 304, 305, 306, 307, 308, 309, 310, 311, 313, 314, 315, 316, 318, 320, 321, 322, 324, 325, 326, 327, 328, 329, 330, 332, 333, 334, 335, 336, 338, 339, 340, 341, 343, 344, 345, 346, 348, 349, 351, 352, 353, 354, 356, 358, 359, 361, 362, 363, 364, 365, 367, 369, 370, 372, 374, 375, 377, 378, 379, 380, 381, 382, 383, 384, 386, 387, 389, 391, 392, 393, 395

Select a

stmt a; variable b; 
Select a such that Uses(a, b)
1, 3, 4, 5, 7, 8, 9, 10, 11, 12, 13, 14, 15, 16, 17, 18, 20, 21, 22, 24, 25, 26, 28, 29, 30, 31, 32, 33, 34, 35, 36, 37, 38, 39, 41, 42, 43, 45, 47, 48, 50, 51, 52, 53, 54, 55, 56, 58, 60, 61, 62, 64, 65, 66, 67, 68, 70, 71, 72, 73, 74, 75, 76, 77, 78, 79, 81, 82, 84, 85, 87, 89, 90, 91, 92, 93, 95, 96, 97, 99, 101, 102, 103, 104, 106, 107, 108, 109, 110, 111, 113, 114, 115, 116, 117, 118, 119, 120, 121, 123, 124, 125, 126, 128, 130, 131, 133, 134, 135, 137, 138, 139, 140, 141, 142, 143, 144, 145, 146, 147, 149, 150, 151, 153, 154, 155, 156, 157, 158, 159, 160, 161, 162, 163, 165, 166, 167, 168, 169, 171, 172, 173, 175, 176, 177, 178, 179, 180, 181, 182, 183, 184, 186, 187, 188, 189, 190, 191, 192, 194, 195, 196, 198, 199, 200, 201, 203, 204, 205, 207, 209, 210, 212, 214, 216, 217, 218, 219, 220, 221, 222, 223, 224, 225, 226, 228, 230, 231, 232, 233, 235, 236, 237, 238, 239, 240, 242, 243, 244, 245, 246, 248, 249, 250, 252, 253, 254, 255, 256, 258, 259, 260, 261, 263, 264, 265, 266, 267, 268, 270, 271, 272, 273, 275, 277, 278, 279, 280, 282, 283, 284, 285, 286, 288, 289, 291, 292, 294, 295, 296, 298, 300, 301, 302, 303, 304, 305, 306, 307, 308, 309, 310, 311, 313, 314, 315, 316, 318, 320, 321, 322, 324, 325, 326, 327, 328, 329, 330, 332, 333, 334, 335, 336, 338, 339, 340, 341, 343, 344, 345, 346, 348, 349, 351, 352, 353, 354, 356, 358, 359, 361, 362, 363, 364, 365, 367, 369, 370, 372, 374, 375, 377, 378, 379, 380, 381, 382, 383, 384, 386, 387, 389, 391, 392, 393, 395
stmt b, a; 
Select a such that Follows(a, b)
3, 4, 5, 7, 8, 9, 10, 11, 12, 13, 14, 15, 16, 17, 18, 20, 21, 22, 24, 25, 26, 29, 31, 32, 33, 34, 36, 37, 38, 39, 42, 43, 45, 47, 50, 51, 52, 53, 54, 56, 60, 61, 62, 66, 67, 70, 71, 72, 73, 74, 75, 76, 77, 78, 79, 85, 91, 92, 93, 95, 97, 102, 103, 106, 108, 109, 110, 111, 115, 116, 120, 123, 124, 125, 126, 128, 130, 138, 139, 140, 141, 142, 143, 144, 145, 146, 150, 154, 155, 156, 157, 159, 160, 161, 162, 163, 166, 168, 169, 171, 176, 177, 178, 179, 180, 181, 182, 183, 188, 189, 190, 191, 192, 195, 196, 199, 200, 201, 204, 205, 210, 219, 220, 221, 223, 225, 230, 231, 232, 233, 236, 237, 238, 239, 240, 242, 245, 246, 254, 255, 259, 260, 265, 266, 267, 268, 270, 271, 272, 273, 277, 278, 279, 280, 284, 289, 296, 301, 302, 303, 304, 305, 306, 307, 308, 309, 311, 313, 315, 318, 321, 325, 327, 328, 329, 330, 333, 334, 335, 336, 339, 345, 352, 353, 354, 356, 363, 365, 374, 375, 378, 379, 380, 382, 383, 384, 387, 389, 393

Select a

stmt a; variable c, b; 
Select a such that Modifies(a, b) and Uses(a, c)
1, 3, 4, 5, 7, 8, 9, 10, 11, 12, 13, 14, 15, 16, 17, 18, 20, 21, 22, 24, 25, 26, 28, 29, 30, 31, 32, 33, 34, 35, 36, 37, 38, 39, 41, 42, 43, 45, 47, 48, 50, 51, 52, 53, 54, 55, 56, 58, 60, 61, 62, 64, 65, 66, 67, 68, 70, 71, 72, 73, 74, 75, 76, 77, 78, 79, 81, 82, 84, 85, 87, 89, 90, 91, 92, 93, 95, 96, 97, 99, 101, 102, 103, 104, 106, 107, 108, 109, 110, 111, 113, 114, 115, 116, 117, 118, 119, 120, 121, 123, 124, 125, 126, 128, 130, 131, 133, 134, 135, 137, 138, 139, 140, 141, 142, 143, 144, 145, 146, 147, 149, 150, 151, 153, 154, 155, 156, 157, 158, 159, 160, 161, 162, 163, 165, 166, 167, 168, 169, 171, 172, 173, 175, 176, 177, 178, 179, 180, 181, 182, 183, 184, 186, 187, 188, 189, 190, 191, 192, 194, 195, 196, 198, 199, 200, 201, 203, 204, 205, 207, 209, 210, 212, 214, 216, 217, 218, 219, 220, 221, 222, 223, 224, 225, 226, 228, 230, 231, 232, 233, 235, 236, 237, 238, 239, 240, 242, 243, 244, 245, 246, 248, 249, 250, 252, 253, 254, 255, 256, 258, 259, 260, 261, 263, 264, 265, 266, 267, 268, 270, 271, 272, 273, 275, 277, 278, 279, 280, 282, 283, 284, 285, 286, 288, 289, 291, 292, 294, 295, 296, 298, 300, 301, 302, 303, 304, 305, 306, 307, 308, 309, 310, 311, 313, 314, 315, 316, 318, 320, 321, 322, 324, 325, 326, 327, 328, 329, 330, 332, 333, 334, 335, 336, 338, 339, 340, 341, 343, 344, 345, 346, 348, 349, 351, 352, 353, 354, 356, 358, 359, 361, 362, 363, 364, 365, 367, 369, 370, 372, 374, 375, 377, 378, 379, 380, 381, 382, 383, 384, 386, 387, 389, 391, 392, 393, 395
call a; stmt c, b; 
Select a such that Calls(a, b) and Parent*(b, c)
1, 3, 7, 13, 15, 16, 17, 20, 24, 31, 35, 36, 41, 45, 48, 50, 60, 65, 68, 70, 72, 84, 87, 89, 90, 93, 95, 96, 97, 101, 104, 119, 121, 123, 128, 130, 133, 134, 135, 228, 230, 231, 235, 250, 263, 264, 265, 266, 270, 271, 277, 279, 280, 282, 284, 285, 300, 318, 320, 322, 324, 326, 327, 328, 338, 341, 351, 356, 361, 362, 364, 365, 367, 369, 370, 372, 374, 375, 377, 381, 389
stmt z, y, x; 
Select x, y, z such that Follows(x, y) and Parent(y, z)
3, 5, 7, 8, 9, 10, 11, 12, 13, 14, 15, 16, 17, 18, 20, 22, 24, 25, 26, 28, 29, 30, 31, 32, 33, 34, 35, 36, 37, 38, 39, 41, 42, 43, 45, 47, 48, 50, 51, 52, 53, 54, 55, 56, 58, 60, 61, 62, 64, 65, 66, 67, 68, 70, 71, 72, 73, 74, 75, 76, 77, 78, 79, 81, 82, 84, 85, 87, 89, 90, 92, 93, 95, 96, 97, 99, 101, 102, 103, 104, 106, 107, 108, 109, 110, 111, 113, 114, 115, 116, 117, 118, 119, 120, 121, 123, 124, 125, 126, 128, 130, 131, 133, 134, 135, 137, 149, 153, 157, 158, 159, 160, 161, 162, 163, 165, 166, 167, 173, 175, 186, 190, 191, 192, 194, 195, 196, 198, 199, 200, 201, 203, 204, 205, 207, 209, 210, 212, 216, 220, 221, 222, 223, 224, 225, 226, 228, 230, 231, 233, 235, 236, 237, 238, 239, 240, 242, 243, 244, 245, 246, 248, 249, 250, 252, 258, 263, 265, 266, 268, 270, 271, 272, 273, 275, 277, 278, 279, 280, 282, 284, 285, 288, 289, 291, 292, 294, 300, 306, 307, 308, 311, 313, 314, 315, 316, 318, 320, 321, 322, 324, 325, 326, 327, 336, 338, 341, 345, 348, 349, 351, 354, 356, 358, 363, 364, 365, 367, 369, 372, 374, 375, 377, 380, 381, 382, 383, 384, 386, 387, 389, 391
stmt b, a; 
Select a, b such that Parent(a, b)
1, 3, 4, 5, 7, 8, 9, 10, 11, 12, 13, 14, 15, 16, 17, 18, 20, 21, 22, 24, 25, 26, 28, 29, 30, 31, 32, 33, 34, 35, 36, 37, 38, 39, 41, 42, 43, 45, 47, 48, 50, 51, 52, 53, 54, 55, 56, 58, 60, 61, 62, 64, 65, 66, 67, 68, 70, 71, 72, 73, 74, 75, 76, 77, 78, 79, 81, 82, 84, 85, 87, 89, 90, 91, 92, 93, 95, 96, 97, 99, 101, 102, 103, 104, 106, 107, 108, 109, 110, 111, 113, 114, 115, 116, 117, 118, 119, 120, 121, 123, 124, 125, 126, 128, 130, 131, 133, 134, 135, 137, 138, 139, 140, 141, 142, 143, 144, 145, 146, 147, 149, 150, 151, 153, 154, 155, 156, 157, 158, 159, 160, 161, 162, 163, 165, 166, 167, 168, 169, 171, 172, 173, 175, 176, 177, 178, 179, 180, 181, 182, 183, 184, 186, 187, 188, 189, 190, 191, 192, 194, 195, 196, 198, 199, 200, 201, 203, 204, 205, 207, 209, 210, 212, 214, 216, 217, 218, 219, 220, 221, 222, 223, 224, 225, 226, 228, 230, 231, 232, 233, 235, 236, 237, 238, 239, 240, 242, 243, 244, 245, 246, 248, 249, 250, 252, 253, 254, 255, 256, 258, 259, 260, 261, 263, 264, 265, 266, 267, 268, 270, 271, 272, 273, 275, 277, 278, 279, 280, 282, 283, 284, 285, 286, 288, 289, 291, 292, 294, 295, 296, 298, 300, 301, 302, 303, 304, 305, 306, 307, 308, 309, 310, 311, 313, 314, 315, 316, 318, 320, 321, 322, 324, 325, 326, 327, 328, 329, 330, 332, 333, 334, 335, 336, 338, 339, 340, 341, 343, 344, 345, 346, 348, 349, 351, 352, 353, 354, 356, 358, 359, 361, 362, 363, 364, 365, 367, 369, 370, 372, 374, 375, 377, 378, 379, 380, 381, 382, 383, 384, 386, 387, 389, 391, 392, 393, 395
stmt b; variable c; 
Select a such that Modifies(b, c) and Affects(a, b)

variable c; stmt a, b; 
Select a such that Uses(b, c) and Parent(a, b)
1, 3, 7, 13, 15, 16, 17, 20, 24, 28, 31, 35, 36, 41, 45, 48, 50, 51, 55, 60, 65, 68, 70, 72, 75, 78, 84, 87, 89, 90, 93, 95, 96, 97, 101, 104, 108, 110, 115, 117, 119, 121, 123, 128, 130, 133, 134, 135, 137, 149, 153, 158, 162, 166, 167, 175, 186, 187, 188, 191, 195, 200, 204, 209, 216, 217, 218, 221, 224, 228, 230, 231, 235, 236, 238, 245, 250, 252, 253, 258, 263, 264, 265, 266, 270, 271, 272, 277, 279, 280, 282, 284, 285, 288, 291, 294, 295, 300, 307, 308, 314, 318, 320, 322, 324, 326, 327, 328, 329, 338, 341, 343, 344, 345, 348, 351, 356, 358, 361, 362, 364, 365, 367, 369, 370, 372, 374, 375, 377, 381, 383, 389, 391, 392
stmt a; variable b; 
Select a, b, c such that Modifies(a, b)
0, 1, 3, 4, 5, 7, 8, 9, 10, 11, 12, 13, 14, 15, 16, 17, 18, 20, 21, 22, 24, 25, 26, 28, 29, 30, 31, 32, 33, 34, 35, 36, 37, 38, 39, 41, 42, 43, 45, 47, 48, 50, 51, 52, 53, 54, 55, 56, 58, 60, 61, 62, 64, 65, 66, 67, 68, 70, 71, 72, 73, 74, 75, 76, 77, 78, 79, 81, 82, 84, 85, 87, 89, 90, 91, 92, 93, 95, 96, 97, 99, 101, 102, 103, 104, 106, 107, 108, 109, 110, 111, 113, 114, 115, 116, 117, 118, 119, 120, 121, 123, 124, 125, 126, 128, 130, 131, 133, 134, 135, 137, 138, 139, 140, 141, 142, 143, 144, 145, 146, 147, 149, 150, 151, 153, 154, 155, 156, 157, 158, 159, 160, 161, 162, 163, 165, 166, 167, 168, 169, 171, 172, 173, 175, 176, 177, 178, 179, 180, 181, 182, 183, 184, 186, 187, 188, 189, 190, 191, 192, 194, 195, 196, 198, 199, 200, 201, 203, 204, 205, 207, 209, 210, 212, 214, 216, 217, 218, 219, 220, 221, 222, 223, 224, 225, 226, 228, 230, 231, 232, 233, 235, 236, 237, 238, 239, 240, 242, 243, 244, 245, 246, 248, 249, 250, 252, 253, 254, 255, 256, 258, 259, 260, 261, 263, 264, 265, 266, 267, 268, 270, 271, 272, 273, 275, 277, 278, 279, 280, 282, 283, 284, 285, 286, 288, 289, 291, 292, 294, 295, 296, 298, 300, 301, 302, 303, 304, 305, 306, 307, 308, 309, 310, 311, 313, 314, 315, 316, 318, 320, 321, 322, 324, 325, 326, 327, 328, 329, 330, 332, 333, 334, 335, 336, 338, 339, 340, 341, 343, 344, 345, 346, 348, 349, 351, 352, 353, 354, 356, 358, 359, 361, 362, 363, 364, 365, 367, 369, 370, 372, 374, 375, 377, 378, 379, 380, 381, 382, 383, 384, 386, 387, 389, 391, 392, 393, 395
stmt b, a; 
Select a such that Next(a, b)
1, 3, 4, 5, 7, 8, 9, 10, 11, 12, 13, 14, 15, 16, 17, 18, 20, 21, 22, 24, 25, 26, 28, 29, 31, 32, 33, 34, 35, 36, 37, 38, 39, 41, 42, 43, 45, 47, 48, 50, 51, 52, 53, 54, 55, 56, 60, 61, 62, 64, 65, 66, 67, 68, 70, 71, 72, 73, 74, 75, 76, 77, 78, 79, 81, 82, 84, 85, 87, 89, 90, 91, 92, 93, 95, 96, 97, 101, 102, 103, 104, 106, 107, 108, 109, 110, 111, 113, 114, 115, 116, 117, 119, 120, 121, 123, 124, 125, 126, 128, 130, 131, 133, 134, 135, 137, 138, 139, 140, 141, 142, 143, 144, 145, 146, 149, 150, 153, 154, 155, 156, 157, 158, 159, 160, 161, 162, 163, 165, 166, 167, 168, 169, 171, 175, 176, 177, 178, 179, 180, 181, 182, 183, 186, 187, 188, 189, 190, 191, 192, 194, 195, 196, 198, 199, 200, 201, 203, 204, 205, 207, 209, 210, 216, 217, 218, 219, 220, 221, 222, 223, 224, 225, 228, 230, 231, 232, 233, 235, 236, 237, 238, 239, 240, 242, 243, 244, 245, 246, 248, 249, 250, 252, 253, 254, 255, 258, 259, 260, 263, 264, 265, 266, 267, 268, 270, 271, 272, 273, 275, 277, 278, 279, 280, 282, 283, 284, 285, 286, 288, 289, 291, 294, 295, 296, 300, 301, 302, 303, 304, 305, 306, 307, 308, 309, 310, 311, 313, 314, 315, 318, 320, 321, 322, 324, 325, 326, 327, 328, 329, 330, 332, 333, 334, 335, 336, 338, 339, 340, 341, 343, 344, 345, 346, 348, 351, 352, 353, 354, 356, 358, 361, 362, 363, 364, 365, 367, 369, 370, 372, 374, 375, 377, 378, 379, 380, 381, 382, 383, 384, 386, 387, 389, 391, 392, 393
variable c; stmt a, b; 
Select a such that Modifies(b, c) and Parent*(a, b)
1, 3, 7, 13, 15, 16, 17, 20, 24, 28, 31, 35, 36, 41, 45, 48, 50, 51, 55, 60, 65, 68, 70, 72, 75, 78, 84, 87, 89, 90, 93, 95, 96, 97, 101, 104, 108, 110, 115, 117, 119, 121, 123, 128, 130, 133, 134, 135, 137, 149, 153, 158, 162, 166, 167, 175, 186, 187, 188, 191, 195, 200, 204, 209, 216, 217, 218, 221, 224, 228, 230, 231, 235, 236, 238, 245, 250, 252, 253, 258, 263, 264, 265, 266, 270, 271, 272, 277, 279, 280, 282, 284, 285, 288, 291, 294, 295, 300, 307, 308, 314, 318, 320, 322, 324, 326, 327, 328, 329, 338, 341, 343, 344, 345, 348, 351, 356, 358, 361, 362, 364, 365, 367, 369, 370, 372, 374, 375, 377, 381, 383, 389, 391, 392
stmt c, b, a; 
Select a such that Next*(a, b) and Parent*(b, c)
1, 3, 4, 5, 7, 8, 9, 10, 11, 12, 13, 14, 15, 16, 17, 18, 20, 21, 22, 24, 25, 26, 31, 32, 33, 34, 35, 36, 37, 38, 39, 41, 42, 43, 45, 47, 50, 51, 52, 53, 54, 60, 61, 62, 64, 65, 66, 67, 68, 70, 71, 72, 73, 74, 75, 76, 77, 78, 79, 81, 82, 84, 85, 87, 89, 90, 91, 92, 93, 95, 96, 97, 101, 102, 103, 104, 106, 107, 108, 109, 110, 111, 113, 114, 115, 116, 119, 120, 121, 123, 124, 125, 126, 128, 130, 131, 133, 134, 153, 154, 155, 156, 157, 158, 159, 160, 161, 162, 163, 165, 166, 186, 187, 188, 189, 190, 191, 192, 194, 195, 196, 198, 199, 200, 201, 203, 204, 205, 207, 216, 217, 218, 219, 220, 221, 222, 223, 228, 230, 231, 232, 233, 236, 237, 238, 239, 240, 242, 243, 244, 245, 246, 248, 249, 252, 263, 264, 265, 266, 267, 268, 270, 271, 272, 273, 275, 277, 278, 279, 280, 282, 283, 284, 285, 286, 288, 289, 294, 300, 301, 302, 303, 304, 305, 306, 307, 308, 309, 310, 311, 313, 318, 320, 321, 322, 324, 325, 326, 327, 328, 329, 330, 332, 333, 334, 335, 336, 339, 340, 343, 344, 345, 346, 351, 352, 353, 354, 356, 361, 362, 363, 364, 367, 369, 370, 372, 375, 377, 378, 379, 380, 381, 382, 383, 384, 386, 387, 389, 391
stmt a; variable b; 
Select a such that Uses(a, b)
1, 3, 4, 5, 7, 8, 9, 10, 11, 12, 13, 14, 15, 16, 17, 18, 20, 21, 22, 24, 25, 26, 28, 29, 30, 31, 32, 33, 34, 35, 36, 37, 38, 39, 41, 42, 43, 45, 47, 48, 50, 51, 52, 53, 54, 55, 56, 58, 60, 61, 62, 64, 65, 66, 67, 68, 70, 71, 72, 73, 74, 75, 76, 77, 78, 79, 81, 82, 84, 85, 87, 89, 90, 91, 92, 93, 95, 96, 97, 99, 101, 102, 103, 104, 106, 107, 108, 109, 110, 111, 113, 114, 115, 116, 117, 118, 119, 120, 121, 123, 124, 125, 126, 128, 130, 131, 133, 134, 135, 137, 138, 139, 140, 141, 142, 143, 144, 145, 146, 147, 149, 150, 151, 153, 154, 155, 156, 157, 158, 159, 160, 161, 162, 163, 165, 166, 167, 168, 169, 171, 172, 173, 175, 176, 177, 178, 179, 180, 181, 182, 183, 184, 186, 187, 188, 189, 190, 191, 192, 194, 195, 196, 198, 199, 200, 201, 203, 204, 205, 207, 209, 210, 212, 214, 216, 217, 218, 219, 220, 221, 222, 223, 224, 225, 226, 228, 230, 231, 232, 233, 235, 236, 237, 238, 239, 240, 242, 243, 244, 245, 246, 248, 249, 250, 252, 253, 254, 255, 256, 258, 259, 260, 261, 263, 264, 265, 266, 267, 268, 270, 271, 272, 273, 275, 277, 278, 279, 280, 282, 283, 284, 285, 286, 288, 289, 291, 292, 294, 295, 296, 298, 300, 301, 302, 303, 304, 305, 306, 307, 308, 309, 310, 311, 313, 314, 315, 316, 318, 320, 321, 322, 324, 325, 326, 327, 328, 329, 330, 332, 333, 334, 335, 336, 338, 339, 340, 341, 343, 344, 345, 346, 348, 349, 351, 352, 353, 354, 356, 358, 359, 361, 362, 363, 364, 365, 367, 369, 370, 372, 374, 375, 377, 378, 379, 380, 381, 382, 383, 384, 386, 387, 389, 391, 392, 393, 395
